                                       
11111111     22222222        33333333  
                                       
44444444     55555555        66666666  
                                       
77777777     88888888        99999999  
                                       
00000000     qqqqqqqq        wwwwwwww  
                                       
eeeeeeee                               
                                       
                                       
                                       
                                       
11111111     22222222        33333333  
                                       
44444444     55555555        66666666  
                                       
                                       
                                       
                                       
                                       
                                       




















































































































































































































































































