                                       
                                       
                                       
                                       
Neuwirtshaus   Weil der Stadt          
                                       
         17.11 17.26       17.41 17.56 
         18.11 18.26       18.41 18.56 
         19.11 19.26             19.56 
               20.26             20.56 
               21.26             21.56 
               22.26             22.56 
               23.26             23.56 
               00.26                   
                                       
                                       
                                       
                                       
                                       
                                       
                                       
                                       
                                       




















































































































































































































































































